100
2 1
13 37
2 5
965 51
2 4
30 46
387 98
2 96
755 11
398 61
758 96
712 1
924 39
537 11
582 60
29 97
317 36
70 56
246 78
958 86
838 46
885 57
446 2
793 69
115 64
3 10
748 77
551 71
915 30
684 94
779 34
362 76
93 3
758 85
1000 5
642 34
871 75
853 50
2 2
373 46
312 23
758 81
918 38
108 30
808 71
372 41
289 65
81 39
67 45
245 99
383 4
500 44
451 5
264 31
226 22
1000 96
2 98
744 3
440 28
837 81
865 5
950 95
1000 98
132 90
2 99
2 50
270 26
728 33
1000 4
1000 97
1000 99
103 5
277 79
1000 2
824 54
875 93
1000 1
453 71
508 54
319 10
1000 3
2 95
443 91
355 11
906 56
494 92
424 35
140 74
2 97
659 89
555 27
2 3
252 96
635 54
289 48
716 10
894 97
124 68
397 40
1000 95
